1001
1001
1001
1001
1001
1000
1000
1000
1000
1000
1000
1000
1000
1000
1000
1000
1000
1000
1000
1000
999
999
999
999
998
998
998
998
998
998
997
997
997
997
997
997
997
997
997
997
997
997
996
996
996
996
996
996
996
996
996
996
996
995
995
995
995
995
995
995
993
993
993
993
993
993
993
993
993
993
993
993
993
993
993
993
993
993
991
991
990
990
989
989
989
989
988
988
988
987
987
987
987
987
987
987
987
987
987
987
987
987
987
987
986
986
985
985
985
985
985
985
985
984
984
984
984
984
984
984
984
984
984
984
983
983
983
983
983
983
981
981
980
980
980
980
980
980
980
980
980
980
980
980
980
980
980
980
980
980
980
980
980
980
980
979
979
979
979
979
978
978
978
978
978
978
977
977
977
976
976
976
976
976
976
976
976
976
976
976
976
975
975
975
974
974
974
974
974
974
974
974
974
974
974
973
973
973
973
973
973
973
973
972
972
972
972
972
972
972
972
972
972
972
971
971
971
971
971
971
971
971
969
969
969
968
968
968
968
968
968
967
967
967
967
967
967
965
965
965
965
965
965
964
964
963
963
963
963
962
962
962
962
962
962
962
962
962
961
961
961
961
961
961
961
961
960
960
960
960
960
960
959
959
959
959
959
959
959
959
959
959
959
959
958
958
958
958
958
958
958
957
957
957
957
957
957
956
956
956
956
956
956
956
956
956
956
955
955
955
955
955
955
955
955
955
955
955
955
953
953
953
953
953
953
953
953
953
953
953
953
952
952
952
951
951
951
951
951
951
951
951
951
951
951
951
951
951
951
950
950
950
950
950
950
950
950
950
950
949
949
948
948
948
948
948
948
947
947
946
946
946
946
946
945
945
945
945
945
945
944
944
944
944
944
944
944
944
944
943
943
943
943
942
942
942
942
942
939
939
939
939
939
939
939
939
939
939
939
939
939
939
939
938
938
938
938
938
938
938
938
938
937
937
937
937
937
937
937
937
937
937
937
937
937
937
936
936
936
936
936
935
935
935
934
934
934
934
934
934
934
934
934
934
934
934
934
934
934
934
934
934
934
934
934
934
934
934
934
934
934
933
933
933
933
933
933
933
933
933
933
933
933
933
933
933
933
933
933
933
933
933
933
933
932
932
931
931
931
931
931
930
930
930
930
930
930
930
930
930
929
929
929
929
929
929
929
929
928
928
928
928
928
928
927
927
927
927
927
927
927
927
927
927
927
926
926
926
926
926
926
926
926
926
926
926
925
925
924
924
920
920
920
920
920
920
920
920
919
919
919
919
919
919
919
919
917
917
917
917
917
917
917
917
917
917
917
916
916
916
916
916
916
916
916
916
916
916
916
916
916
916
914
914
914
914
914
914
914
914
914
914
914
914
914
914
914
914
914
914
914
914
914
911
911
909
909
909
909
909
909
909
909
908
908
908
908
908
907
907
907
907
907
907
907
907
907
906
906
905
905
905
905
905
905
904
904
904
904
904
904
904
904
904
904
904
904
904
904
904
904
904
904
903
903
903
903
903
903
903
903
903
903
903
903
903
903
903
903
903
903
903
903
903
903
903
902
902
902
902
902
902
902
902
902
902
902
901
901
901
901
901
901
901
901
901
901
901
901
900
900
900
900
900
899
899
899
899
899
899
899
899
899
899
899
899
899
898
898
898
898
898
898
898
898
897
897
897
896
896
896
896
896
896
896
896
895
895
893
893
893
893
893
893
893
893
893
893
893
893
893
893
893
893
893
893
890
890
890
890
890
890
890
890
890
889
889
889
889
889
889
889
889
889
889
889
889
889
889
889
889
889
888
888
888
888
888
888
886
886
886
886
885
885
885
885
885
884
884
884
884
884
884
884
884
884
884
884
884
884
884
884
882
882
882
881
881
881
881
881
881
881
880
880
880
880
880
880
879
879
879
879
879
879
879
879
879
878
878
878
877
877
877
877
877
877
877
877
876
876
876
876
876
876
875
875
875
874
874
872
872
872
872
872
872
872
872
871
871
871
871
871
871
870
870
870
870
870
870
868
868
868
867
867
867
866
866
866
865
865
865
865
865
865
865
865
865
862
862
862
862
862
861
861
860
860
859
859
859
859
859
859
859
859
859
859
859
859
858
858
858
858
858
858
858
858
858
858
858
858
857
857
857
857
857
857
857
857
857
857
857
856
856
856
855
855
855
855
855
855
855
855
855
855
854
854
854
853
853
853
852
852
851
851
851
851
851
851
851
851
851
851
851
851
851
851
851
851
851
851
851
851
851
850
850
850
850
850
850
850
